niter_baseline = [50000,
                  100000,
                  150000,
                  200000,
                  220000,
                  250000,
                  290000,
                  300000,
                  360000,
                  400000,
                  450000,
                  500000,
                  530000,
                  590000,
                  630000,
                  660000,
                  680000,
                  700000,
                  730000,
                  750000,
                  780000,
                  800000,
                  850000,
                  900000]

bleu_baseline = [8.22,
                 11.19,
                 12.79,
                 12.29,
                 13.38,
                 13.72,
                 14.42,
                 14.26,
                 14.44,
                 14.04,
                 14.32,
                 14.3,
                 14.29,
                 14.74,
                 14.63,
                 14.78,
                 14,
                 14.25,
                 14.37,
                 14.73,
                 14.25,
                 14.54,
                 14.68,
                 14.52]
    
    

    
    
    
    
niter_l5 = [70000 ,  
90000 ,  
150000,  
170000,  
190000,  
220000,  
250000,  
270000,  
280000,  
300000,  
310000,  
320000,  
330000,  
340000,  
350000,  
360000,  
370000,  
380000,  
390000,  
400000,  
410000,  
420000,  
430000,  
440000,  
450000,  
460000,  
470000,  
490000,  
500000,  
510000,  
520000,  
530000,  
550000,  
560000,  
570000,  
590000,  
600000,  
610000,  
620000,  
630000,  
640000,  
650000,  
660000,  
670000,  
680000,  
690000,  
700000,  
710000,  
720000,  
730000,  
740000,  
750000,  
760000,  
770000,  
780000,  
790000,  
800000,  
810000,  
820000,  
830000,  
840000,  
850000,  
860000,  
870000,  
880000,  
890000,  
900000,  
910000,  
920000,  
930000,  
940000,  
950000,  
960000,  
970000]   
    
    
    
bleu_l5 = [10.31,
11.05,
12.63,
13.12,
13.54,
14.02,
13.96,
14.19,
13.58,
14.31,
14.37,
14.34,
14.29,
14.11,
13.85,
14.07,
14.57,
14.58,
14.27,
14.3,
14.29,
14.26,
14.61,
14.48,
14.57,
14.39,
14.5,
14.21,
14.12,
14.86,
14.66,
14.88,
14.8,
14.66,
14.47,
14.72,
14.53,
14.69,
14.59,
14.47,
14.49,
14.47,
14.55,
14.67,
14.62,
14.39,
14.85,
14.64,
14.52,
14.39,
14.93,
14.53,
14.65,
14.45,
14.3,
14.44,
14.89,
14.2,
14.72,
14.64,
13.95,
14.24,
14.8,
14.35,
14.3,
14.31,
14.58,
14.53,
14.77,
14.9,
14.61,
14.33,
14.47,
14.93]  
    
    
#=====================
#=====================
    
    
    
niter_bs = [90000,
130000, 
150000, 
190000, 
200000, 
210000, 
220000, 
230000, 
240000, 
250000, 
260000, 
270000, 
280000, 
290000, 
300000, 
310000, 
320000, 
330000, 
340000, 
350000, 
360000, 
370000, 
380000, 
390000, 
400000, 
410000, 
420000, 
430000, 
440000, 
450000, 
460000, 
470000, 
480000, 
490000, 
500000, 
510000, 
520000, 
530000, 
540000, 
550000, 
560000, 
570000, 
580000, 
590000, 
600000, 
610000, 
620000, 
630000, 
640000, 
650000, 
660000, 
670000, 
680000, 
690000, 
700000, 
710000, 
720000, 
730000, 
740000, 
750000, 
760000, 
770000, 
780000, 
790000, 
800000, 
810000, 
820000, 
830000, 
840000, 
850000, 
860000, 
870000, 
880000, 
890000, 
900000, 
910000, 
920000, 
930000, 
940000, 
950000, 
960000, 
970000, 
980000,
990000]
    
    
bleu_bs =[10.83,
11.95,
12.72,
12.86,
12.74,
13.13,
13.09,
13.39,
13.08,
12.94,
12.69,
11.82,
11.29,
12.86,
13.06,
13.58,
13.68,
13.87,
14.31,
14.07,
14.52,
14.05,
14.03,
13.46,
14.43,
14.44,
13.27,
13.93,
13.73,
14.29,
13.98,
14.67,
14.64,
14.25,
14.96,
14.44,
14.76,
13.67,
14.23,
14.22,
13.45,
13.99,
13.91,
14.11,
14.57,
14.64,
14.63,
14.45,
14.52,
14.23,
14.92,
13.45,
14.25,
13.34,
13.8,
14.11,
14.43,
14,
14.37,
14.8,
14.54,
15.12,
14.35,
14.6,
14.14,
14.58,
14.2,
14.76,
14.6,
14.82,
15.03,
14.32,
14.96,
14.17,
14.9,
13.82,
14.09,
13.32,
13.98,
14.28,
14.37,
14.36,
14.72,
14.82]  
 

#============================
#============================


niter_l15 = [50000 ,   
70000 ,   
90000 ,   
100000,   
120000,   
130000,   
140000,   
150000,   
160000,   
170000,   
180000,   
190000,   
200000,   
210000,   
220000,   
230000,   
240000,   
250000,   
260000,   
270000,   
280000,   
290000,   
300000,   
310000,   
320000,   
330000,   
340000,   
350000,   
360000,   
370000,   
380000,   
390000,   
400000,   
410000,   
420000,   
430000,   
440000,   
450000,   
460000,   
470000,   
500000,   
510000,   
520000,   
530000,   
540000,   
550000,   
560000,   
570000,   
580000,   
590000,   
600000,   
610000,   
620000,   
630000,   
640000,   
650000,   
660000,   
670000,   
680000,   
690000,   
700000,   
710000,   
720000,   
730000,   
740000,   
750000,   
760000,   
770000,   
780000,   
790000,   
800000,   
810000,   
820000,   
830000,   
840000,   
850000,   
860000]  
    
bleu_l15 =[8.92,
10.62,
10.96,
11.35,
11.65,
12.85,
12.12,
11.76,
12.71,
13.28,
13.2,
13.41,
13.61,
13.75,
14.04,
14.06,
13.73,
14.24,
13.42,
14.29,
13.83,
14.32,
14.64,
14.09,
13.78,
14.01,
14.22,
14.63,
14.37,
14.26,
14.23,
13.56,
14.75,
14.98,
14.63,
14.67,
14.5,
14.61,
14.88,
14.64,
14.68,
14.56,
14.47,
14.55,
14.54,
14.91,
15.1,
14.98,
14.59,
14.48,
14.57,
14.59,
14.81,
14.4,
13.91,
14.59,
14.38,
14.61,
14.79,
14.38,
14.34,
13.96,
15.02,
14.71,
14.88,
14.68,
14.73,
14.7,
14.59,
14.18,
14.96,
14.53,
14.27,
14.65,
14.92,
14.47,
15.11]  
    
    
    
    
    
    
    
    
    
    
    
    
    
    
    
    
    
    
    
    
    
    
    
    
    
    
    
    
    
    
    
    
    
    
    
    
    
    
    
    
    
    
    
    
    
    
    
    
    
    
    
    
    
    
    
    
    
    
    
    
    
    
    
    
    
    
    
    
    
    
    
    
    
    
    
    
    
    
    
    
    
    
    
    
    
    
    
    
    
    
    
    
    
    
    
    
    
    
    
    
    
    
    
    
    
    
    
    
    
    
    
    
    
    
    
    
    
    
    
    
    
    
    
    
    
    
    
    
    
    
    
    
    
    
    
    
    
    
    
    
    
    
    
    
    
    
    
    
    
    
    
    
    
    
    
    
    
    
    
    
    
    
    
    
    
    
    
    
    
    
    
    
    
    
    
    
    
    
    
    
    
    
    
    
    
    
    
    
    
    
    
    
    
    
    
    
    
    
    
    
    
    
    
    
    
    
    
    
    
    
    
    
    
    
    
    
    
    
    
    
    
    
    
    
    
    
    
    
    
    
    
    
    
    
    
    
    
    
    
    
    
    
    
    
    
    
    
    
    
    
    
    
    
    
    
    
    
    
    
    
    
    
    
    
    
    
    
    
    
    
    
    
    
    
    
    
    
    
    
    
    
    
    
    
    
    
    
    
    
    
    
    
    
    
    
    
    
    
    
    
    
    
    
    
    
    
    
    
    
    
    
    
    
    
    
    
    
    
    
    
    
    
    
    
    
    
    
    
    
    
    
    
    
    
    
    
    
    
    
    
    
    
    
    
    
    
    
    
    
    
    
    
    
    
    
    
    
    
    
    
    
    
    
    
    
    
    
    
    
    
    
    
    
    
    
    
    
    
    
    
    
    
    
    
    
    
    
    
    
    
    
    
    
    
    
    
    
    
    
    
    
    
    
    
    
    
    
    
    
    
    
    
    
    
    
    
    
    
    
    
    
    
    
    
    
    
    
    
    
    
    
    
    
    
    
    
    
    
    
    
    
    
    
    
    
    
    
    
    
    
    
    
    
    
    
    
    
    
    
    
    
    
    
    
    
    
    
    
    
    
    
    
    
    
    
    
    
    
    
    
    
    
    
    
    
    
    
    
    
    
    
    
    
    
    
    
    
    
    
    
    
    
    
    
    
    
    
    
    
    
    
    
    
    
    
    
    
    
    
    
    
    
    
    
    
    
    
    
    
    
    
    
    
    
    
    
    
    
    
    
    
    
    
    
    
    
    
    
    
    
    
    
    
    
    
    
    
    
    
    
    
    
    
    
    
    
    
    
    
    
    
    
    
    
    
    
    
    
    
    
    
    
    
    
    
    
    
    
    
    
    
    
    
    
    
    
    
    
    
    
    
    
    
    
    
    
    
    
    
    
    
    
    
    
    
    
    
    
    
    
    
    
    
    
    
    
    
    
    
    
    
    
    
    
    
    
    
    
    
    
    
    
    
    
    
    
    
    
    
    
    
    
    
    
    
    
    
    
    
    
    
    
    
    
    
    
    
    
    
    
    
    
    
    
    
    
    
    
    
    
    
    
    
    
    
    
    
    
    
    
    
    
    
    
    
    
    
    
    
    
    
    
    
    
    
    
    
    
    
    
    
    
    
    
    
    
    
    
    
    
    
    
    
    
    
    
    
    
    
    
    
    
    
    
    
    
    
    
    
    
    
    
    
    
    
    
    
    
    
    
    
    
    
    
    
    
    
    
    
    
    
    
    
    
    
    
    
    
    
    
    
    
    
    
    
    
    
    
    
    
    
    
    
    
    
    
    
    
    
    
    
    
    
    
    
    
    
    
    
    
    
    
    
    
    
    
    
    
    
    
    
    
    
    
    
    
    
    
    
    
    
    
    
    
    
    
    
    
    
    
    
    
    
    
    